Cell	Macbeth Color	Macbeth Target Values	 	xyY to XYZ	 	 	XYZ to Lab                      xyY to Lab

                        x	y	Y	 	X	Y	Z	 	L*	a*	b*	 	L*	a*	b*

1	dark skin	0.400	0.350	10.1	 	0.11543	0.10100	0.07214	 	38.02	12.21	14.37	 	38.02	12.21	14.37
2	light skin	0.377	0.345	35.8	 	0.39121	0.35800	0.28848	 	66.37	13.07	16.99	 	66.37	13.07	16.99
3	blue sky	0.247	0.251	19.3	 	0.18992	0.19300	0.38600	 	51.04	0.36	-22.19	 	51.04	0.36	-22.19
4	foliage	 	0.337	0.422	13.3	 	0.10621	0.13300	0.07595	 	43.21	-16.87	21.96	 	43.21	-16.87	21.96
5	blue flower	0.265	0.240	24.3	 	0.26831	0.24300	0.50119	 	56.39	12.61	-25.49	 	56.39	12.61	-25.49
6	bluish green	0.261	0.343	43.1	 	0.32796	0.43100	0.49760	 	71.62	-30.59	1.14	 	71.62	-30.59	1.14
7	orange	 	0.506	0.407	30.1	 	0.37422	0.30100	0.06434	 	61.74	27.61	58.22	 	61.74	27.61	58.22
8	purpilish blue	0.211	0.175	12.0	 	0.14469	0.12000	0.42103	 	41.22	17.61	-43.16	 	41.22	17.61	-43.16
9	moderate red	0.453	0.306	19.8	 	0.29312	0.19800	0.15594	 	51.61	42.91	14.73	 	51.61	42.91	14.73
10	purple	 	0.285	0.202	6.6	 	0.09312	0.06600	0.16761	 	30.88	26.07	-23.50	 	30.88	26.07	-23.50
11	yellow green	0.380	0.489	44.3	 	0.34425	0.44300	0.11868	 	72.43	-28.41	59.48	 	72.43	-28.41	59.48
12	orange yellow	0.473	0.438	43.1	 	0.46544	0.43100	0.08758	 	71.62	12.37	67.05	 	71.62	12.37	67.05
13	blue	 	0.187	0.129	6.1	 	0.08843	0.06100	0.32344	 	29.66	27.41	-51.15	 	29.66	27.41	-51.15
14	green	 	0.305	0.478	23.4	 	0.14931	0.23400	0.10623	 	55.48	-41.10	33.63	 	55.48	-41.10	33.63
15	red	 	0.539	0.313	12.0	 	0.20665	0.12000	0.05674	 	41.22	50.94	25.94	 	41.22	50.94	25.94
16	yellow	 	0.448	0.470	59.1	 	0.56334	0.59100	0.10311	 	81.35	-3.92	79.11	 	81.35	-3.92	79.11
17	magenta	 	0.364	0.233	19.8	 	0.30932	0.19800	0.34246	 	51.61	48.96	-15.81	 	51.61	48.96	-15.81
18	cyan	 	0.196	0.252	19.8	 	0.15400	0.19800	0.43371	 	51.61	-21.65	-26.65	 	51.61	-21.65	-26.65
19	white	 	0.310	0.316	90.0	 	0.88237	0.90000	1.06292	 	96.00	-0.0002	0.0002	 	96.00	-0.0002	0.0002
20	neutral 8	0.310	0.316	59.1	 	0.57942	0.59100	0.69799	 	81.35	-0.0002	0.0001	 	81.35	-0.0002	0.0001
21	neutral 6.5	0.310	0.316	36.2	 	0.35491	0.36200	0.42753	 	66.67	-0.0002	0.0001	 	66.67	-0.0002	0.0001
22	neutral 5	0.310	0.316	19.8	 	0.19412	0.19800	0.23384	 	51.61	-0.0001	0.0001	 	51.61	-0.0001	0.0001
23	neutral 3.5	0.310	0.316	9.0	 	0.08824	0.09000	0.10629	 	35.98	-0.0001	0.0001	 	35.98	-0.0001	0.0001
24	black	 	0.310	0.316	3.1	 	0.03039	0.03100	0.03661	 	20.44	-0.0001	0.0001	 	20.44	-0.0001	0.0001


/*
Macbeth color checkers
NAME-------------RRR--GGG--BBB------#AARRGGBB-------
dark skin	, 94 , 28 , 13 ,	#FF5E1C0D
light skin	,241 ,149 ,108 ,	#FFF1956C
blue sky	, 97 ,119 ,171 ,	#FF6177AB
foliage		, 90 ,103 , 39 ,	#FF5A6727
blue flower	,164 ,131 ,196 ,	#FFA483C4
bluish green	,140 ,253 ,153 ,	#FF8CFD99
orange		,255 ,116 , 21 ,	#FFFF7415
purplish blue	,  7 , 47 ,122 ,	#FF072F7A
moderate red	,222 , 29 , 42 ,	#FFDE1D2A
purple		, 69 ,  0 , 68 ,	#FF450044
yellow green	,187 ,255 , 19 ,	#FFBBFF13
orange yellow	,255 ,142 ,  0 ,	#FFFF8E00
blue		,  0 ,  0 ,142 ,	#FF00008E
green		, 64 ,173 , 38 ,	#FF40AD26
red		,203 ,  0 ,  0 ,	#FFCB0000
yellow		,255 ,217 ,  0 ,	#FFFFD900
magenta		,207 ,  3 ,124 ,	#FFCF037C
cyan		,  0 ,148 ,189 ,	#FF0094BD
white		,255 ,255 ,255 ,	#FFFFFFFF
neutral 8	,249 ,249 ,249 ,	#FFF9F9F9
neutral 6.5	,180 ,180 ,180 ,	#FFB4B4B4
neutral 5	,117 ,117 ,117 ,	#FF757575
neutral 3.5	, 53 , 53 , 53 ,	#FF353535
black		,  0 ,  0 ,  0 ,	#FF000000
-----------------------------------------------------
 */

Calibration

    0   = inputMin-DC       => DC   = inputMin
    255 = inputMax*Gain-DC  => Gain = (255+DC)/inputMax => (255+inputMin)/InputMax


